0.7110681533813477
0.7332701683044434
0.7285218834877014
0.7222898602485657
0.6940982937812805
0.7107180953025818
0.7143754363059998
0.6953262090682983
0.6881371140480042
0.7062762379646301
0.7449596524238586
0.7063824534416199
0.7127377986907959
0.6991519331932068
0.6947996616363525
0.7102455496788025
0.6742739677429199
0.7307146191596985
0.7016331553459167
0.7344388365745544
0.7242640852928162
0.6822617053985596
0.7278931736946106
0.7176470160484314
0.6857554316520691
0.7172724008560181
0.7292981147766113
0.7247040867805481
0.6964402794837952
0.7184036374092102
0.6957630515098572
0.7335296273231506
0.7108221650123596
0.7319693565368652
0.6841778755187988
0.7084271907806396
0.6914033889770508
0.7105512619018555
0.7407538294792175
0.7184485197067261
0.7113469243049622
0.6873170733451843
0.7422659397125244
0.7135109305381775
0.7186234593391418
0.6830697655677795
0.6975256204605103
0.6997709274291992
0.6860501766204834
0.726064920425415
0.6957455277442932
0.6739432215690613
0.7092446684837341
0.6907475590705872
0.7120042443275452
0.7432926893234253
0.7027424573898315
0.7522057294845581
0.6913644671440125
0.7361353635787964
0.6734541654586792
0.714775562286377
0.7206944823265076
0.7446714639663696
0.7020546197891235
0.6911405920982361
0.713006854057312
0.6975013613700867
0.7104384303092957
0.7364392876625061
0.7409446835517883
0.6958839893341064
0.6865396499633789
0.707146942615509
0.7020953297615051
0.7333186864852905
0.7108834385871887
0.6966092586517334
0.7070519924163818
0.7156137228012085
0.7431204915046692
0.7423838973045349
0.7032343149185181
0.6985891461372375
0.690674364566803
0.7325459122657776
0.7192668318748474
0.7053724527359009
0.6873324513435364
0.7057700157165527
0.7153132557868958
0.6813278794288635
0.6932035088539124
0.6955044865608215
0.7118250727653503
0.7001661062240601
0.6853117942810059
0.6923480033874512
0.6984060406684875
0.6997830271720886
0.670617938041687
0.7173936367034912
0.6750185489654541
0.7255063652992249
0.7065455317497253
0.672430694103241
0.7109642624855042
0.7068030834197998
0.6852930784225464
0.700809121131897
0.7243006229400635
0.710132896900177
0.6867281794548035
0.706304669380188
0.6817449331283569
0.7067405581474304
0.7000551223754883
0.7149584293365479
0.6775766611099243
0.6991410851478577
0.6724499464035034
0.6857373118400574
0.7206178903579712
0.7122116684913635
0.7023166418075562
0.6818814873695374
0.7043778300285339
0.6921747326850891
0.7001938819885254
0.6820920705795288
0.7025052309036255
0.7050207257270813
0.680540144443512
0.7100861668586731
0.6859606504440308
0.6692400574684143
0.6878008842468262
0.689445972442627
0.6961728930473328
0.7309078574180603
0.6869978904724121
0.7283014059066772
0.6764073967933655
0.7205994725227356
0.6848531365394592
0.6970316767692566
0.7175838351249695
0.7279249429702759
0.7158186435699463
0.6791592240333557
0.6959988474845886
0.6868451237678528
0.6969906091690063
0.7247509360313416
0.7429469227790833
0.6855127215385437
0.6790462136268616
0.6912274360656738
0.7020493149757385
0.7137126922607422
0.7078906297683716
0.6833824515342712
0.6864476203918457
0.7026558518409729
0.713510274887085
0.7269493341445923
0.6955468654632568
0.7411535382270813
0.6796206831932068
0.7257556319236755
0.7081115245819092
0.6991694569587708
0.67940753698349
0.7016642093658447
0.7111532688140869
0.6775102019309998
0.6893357038497925
0.6898425221443176
0.7028399109840393
0.6963882446289062
0.677527666091919
0.6811732649803162
0.6920565366744995
0.6954424977302551
0.6639278531074524
0.7101125121116638
0.668247640132904
0.7209697961807251
0.7044250965118408
0.6642201542854309
0.7081452012062073
0.6999095678329468
0.6792441606521606
0.6938436627388
0.7175419926643372
0.7025137543678284
0.6798455119132996
0.6985891461372375
0.6791368126869202
0.6987219452857971
0.6941507458686829
0.7035654187202454
0.6719267964363098
0.6887534856796265
0.6661086082458496
0.6823136806488037
0.7098937034606934
0.7046189904212952
0.6952926516532898
0.6762645244598389
0.6937873363494873
0.6865662336349487
0.6929419636726379
0.6821735501289368
0.6971756815910339
0.6984700560569763
0.6773760914802551
0.7056319117546082
0.6862984895706177
0.6664451956748962
0.6764301061630249
0.6817071437835693
0.6858532428741455
0.7211589217185974
0.6819404363632202
0.7116097211837769
0.6684324741363525
0.7127594947814941
0.6853160858154297
0.6869218349456787
0.7108051180839539
0.7152798175811768
0.7127355933189392
0.6706441640853882
0.6941498517990112
0.6781724095344543
0.6907018423080444
0.7223612666130066
0.7356695532798767
0.6787893772125244
0.6779162287712097
0.6797106862068176
0.6946343183517456
0.7072286605834961
0.6971968412399292
0.6738488674163818
0.6794635653495789
0.6950399875640869
0.6986904144287109
0.7120739817619324
0.6891076564788818
0.7326465249061584
0.6654137372970581
0.7172098159790039
0.693935751914978
0.6917462348937988
0.669719398021698
0.6970676183700562
0.7068210244178772
0.6735858917236328
0.6852331161499023
0.6834137439727783
0.6920703053474426
0.6924545764923096
0.6684185266494751
0.667629599571228
0.6849744915962219
0.6908350586891174
0.6564586758613586
0.7019898295402527
0.660824179649353
0.7159545421600342
0.702853262424469
0.6549733281135559
0.7057774662971497
0.6925559043884277
0.6728533506393433
0.6863847970962524
0.7103520631790161
0.6944066286087036
0.672286331653595
0.6904282569885254
0.6769320964813232
0.6902316212654114
0.6880671381950378
0.6911071538925171
0.6662406325340271
0.6775967478752136
0.6598498821258545
0.6793804168701172
0.6982681155204773
0.6969889402389526
0.6881548166275024
0.6710433959960938
0.6829624176025391
0.6812352538108826
0.6856698393821716
0.68292236328125
0.6920787692070007
0.692123293876648
0.674565315246582
0.7013949751853943
0.6877869367599487
0.6643005609512329
0.6647958159446716
0.6742104887962341
0.6755048036575317
0.7114632725715637
0.6776378750801086
0.6946678757667542
0.6603623032569885
0.7049233913421631
0.6864959001541138
0.6770107746124268
0.704171359539032
0.7026858329772949
0.7099073529243469
0.6623390913009644
0.6927711367607117
0.6697186231613159
0.6850559115409851
0.7201277613639832
0.7288471460342407
0.6726397275924683
0.6774241924285889
0.6686402559280396
0.6873542070388794
0.7014707326889038
0.6871983408927917
0.6646219491958618
0.6730397343635559
0.6880319118499756
0.6849218010902405
0.6979705691337585
0.6833595037460327
0.7242933511734009
0.6522787809371948
0.7088878154754639
0.6809630990028381
0.6850521564483643
0.6609529256820679
0.6928393244743347
0.7035148739814758
0.6704967617988586
0.6817395091056824
0.6777925491333008
0.6824384927749634
0.6889911890029907
0.660324215888977
0.6553686261177063
0.678917646408081
0.6866855621337891
0.6499993801116943
0.6950809359550476
0.6545876860618591
0.7108959555625916
0.7016434073448181
0.6468285322189331
0.7039783000946045
0.6864356398582458
0.6673524975776672
0.6800111532211304
0.7042089104652405
0.6876741051673889
0.6652423143386841
0.6836223006248474
0.6747679114341736
0.6830641031265259
0.6826369166374207
0.6805950999259949
0.6612834930419922
0.6682133078575134
0.6547388434410095
0.6767945289611816
0.6881248354911804
0.6907846331596375
0.6819394826889038
0.6668834090232849
0.674475908279419
0.6766727566719055
0.6793732643127441
0.6824824810028076
0.6874598860740662
0.6867067217826843
0.6714500784873962
0.6971259713172913
0.688797652721405
0.6620873212814331
0.6550941467285156
0.6679268479347229
0.6668731570243835
0.703384280204773
0.6742426156997681
0.6813755631446838
0.6528632044792175
0.6977584958076477
0.6864233016967773
0.6687859892845154
0.6979332566261292
0.6923418641090393
0.7063231468200684
0.6550590991973877
0.6905077695846558
0.6622563004493713
0.6802017092704773
0.7167215347290039
0.722802460193634
0.667264461517334
0.6760811805725098
0.6595907211303711
0.6803596615791321
0.696537435054779
0.6792277097702026
0.6564621329307556
0.6672960519790649
0.681856095790863
0.6746441125869751
0.6868906021118164
0.6782066226005554
0.7164947390556335
0.6422728300094604
0.7009739875793457
0.6712059378623962
0.6791271567344666
0.6537633538246155
0.6881097555160522
0.7004983425140381
0.6673401594161987
0.6779890060424805
0.6726558804512024
0.6746741533279419
0.6849614381790161
0.6535035967826843
0.6456508040428162
0.6736644506454468
0.6820926070213318
0.6443460583686829
0.6893224120140076
0.6493328213691711
0.7048119306564331
0.6992631554603577
0.6397724151611328
0.701444685459137
0.6811742186546326
0.6621438264846802
0.6743128299713135
0.6986572742462158
0.6820769906044006
0.6582006216049194
0.6778630018234253
0.6712352633476257
0.6769101023674011
0.6771072149276733
0.6723673343658447
0.6562722325325012
0.6606519222259521
0.6500548720359802
0.6732867956161499
0.6794540882110596
0.68546462059021
0.6759759783744812
0.6628519296646118
0.6682541370391846
0.6719330549240112
0.6733631491661072
0.6790861487388611
0.6823514699935913
0.6814051866531372
0.6668086051940918
0.6917506456375122
0.6876627802848816
0.6585086584091187
0.6470645666122437
0.6621321439743042
0.6595022082328796
0.6964147090911865
0.6707490682601929
0.6718496680259705
0.6452415585517883
0.690578281879425
0.6836512684822083
0.661673903465271
0.6912862658500671
0.6838774085044861
0.700920820236206
0.6481255292892456
0.6861816048622131
0.6551121473312378
0.6752186417579651
0.7111155390739441
0.7167080044746399
0.6618107557296753
0.6727762222290039
0.6519672870635986
0.6729206442832947
0.6915402412414551
0.6726136803627014
0.6486923694610596
0.6614255905151367
0.675674319267273
0.6671701073646545
0.678169846534729
0.6727988123893738
0.7086977958679199
0.6346457004547119
0.6927530169487
0.6638728380203247
0.6731352210044861
0.6473053693771362
0.6820698380470276
0.6968231201171875
0.6632149815559387
0.6731867790222168
0.667159378528595
0.667877197265625
0.6795927882194519
0.647081196308136
0.6375434994697571
0.668351411819458
0.6763589382171631
0.6386609077453613
0.6837971806526184
0.6441840529441833
0.6971647143363953
0.6950996518135071
0.6329334378242493
0.6975451111793518
0.6758931279182434
0.6564673185348511
0.6684424877166748
0.6928904056549072
0.6767277717590332
0.6505202054977417
0.6722606420516968
0.6659572124481201
0.6708868741989136
0.6708774566650391
0.6652809381484985
0.6506096720695496
0.6538500785827637
0.645066499710083
0.6684466004371643
0.6712501645088196
0.6801748275756836
0.6695999503135681
0.6582973599433899
0.6631159782409668
0.6664629578590393
0.6669800281524658
0.6729874610900879
0.6763234734535217
0.6756166815757751
0.6605507135391235
0.6850540041923523
0.6845287680625916
0.6534525156021118
0.6396423578262329
0.6561437249183655
0.6524372100830078
0.6896688938140869
0.6667205095291138
0.6642879247665405
0.6370015144348145
0.6828714609146118
0.6786282658576965
0.65477055311203
0.6838672161102295
0.6761289834976196
0.6938585042953491
0.640932023525238
0.6800517439842224
0.6477044224739075
0.669676661491394
0.7036623954772949
0.7100967168807983
0.6558591723442078
0.6678656339645386
0.644747257232666
0.6647190451622009
0.6860713958740234
0.6664124131202698
0.6406731605529785
0.6550531983375549
0.6690293550491333
0.6608816385269165
0.670329213142395
0.6668328046798706
0.700524091720581
0.6279629468917847
0.6838562488555908
0.6575081944465637
0.6666848659515381
0.6408353447914124
0.6748377084732056
0.6924248337745667
0.6581627130508423
0.6674231886863708
0.6610701084136963
0.6611942648887634
0.673060417175293
0.6404580473899841
0.6298730969429016
0.6626315712928772
0.6696111559867859
0.6325989961624146
0.6780176162719727
0.6387447714805603
0.6882342100143433
0.689639151096344
0.6258236765861511
0.6926140189170837
0.6702530384063721
0.650177001953125
0.6620963215827942
0.6866438984870911
0.6711778044700623
0.6420998573303223
0.6664031744003296
0.6594511866569519
0.6645674109458923
0.663952112197876
0.658389151096344
0.6443009972572327
0.6470590829849243
0.63962721824646
0.6626346707344055
0.6628276109695435
0.6745772957801819
0.6626825332641602
0.6532034873962402
0.6582277417182922
0.6603217720985413
0.6600787043571472
0.6652374267578125
0.6695300340652466
0.669277012348175
0.6531874537467957
0.677388072013855
0.6802626848220825
0.6474310159683228
0.6321461796760559
0.6497697830200195
0.645147442817688
0.6826943755149841
0.6622409224510193
0.6572445631027222
0.6280847787857056
0.6745465397834778
0.6723113059997559
0.6476212739944458
0.67574542760849
0.6683506965637207
0.6857030391693115
0.6332892775535583
0.672796905040741
0.6398550868034363
0.6635913252830505
0.6950592994689941
0.7029217481613159
0.6494074463844299
0.66204833984375
0.6373651623725891
0.6557937264442444
0.6801406741142273
0.6601442098617554
0.6321636438369751
0.6481794118881226
0.6618725061416626
0.6547632813453674
0.6624719500541687
0.6603720784187317
0.6918686032295227
0.6213886141777039
0.6742624044418335
0.6512646079063416
0.6597549319267273
0.6340648531913757
0.6667718887329102
0.6875512599945068
0.652493953704834
0.6610153913497925
0.6544797420501709
0.6542537808418274
0.6657391786575317
0.6334434151649475
0.6220459938049316
0.6564985513687134
0.6621515154838562
0.6261507868766785
0.6718839406967163
0.6329641938209534
0.6784089207649231
0.6834166049957275
0.6183363199234009
0.6870778799057007
0.6642429232597351
0.6433685421943665
0.6552804708480835
0.6799373030662537
0.6653233170509338
0.6330529451370239
0.6602240800857544
0.6522021889686584
0.657861053943634
0.6564989686012268
0.6512966156005859
0.6375011801719666
0.6400071978569031
0.6338101029396057
0.656211793422699
0.653954029083252
0.6686339974403381
0.6552977561950684
0.6477075815200806
0.6532624363899231
0.6536884307861328
0.6527186632156372
0.6565419435501099
0.6621926426887512
0.6624834537506104
0.6451143026351929
0.6690714359283447
0.6754392385482788
0.640838086605072
0.6243480443954468
0.6430363059043884
0.6374793648719788
0.6753808259963989
0.6574578881263733
0.6501048803329468
0.618587076663971
0.6656708121299744
0.6652811169624329
0.6401182413101196
0.6670732498168945
0.6602909564971924
0.676839292049408
0.6252174973487854
0.6648503541946411
0.6315876245498657
0.6570693850517273
0.6857519745826721
0.6952638626098633
0.6425538659095764
0.6557486057281494
0.6296578049659729
0.6462675929069519
0.6738475561141968
0.6536903381347656
0.6231545805931091
0.6408978700637817
0.6542840003967285
0.6484441161155701
0.6542987823486328
0.6535420417785645
0.6827697157859802
0.6146519184112549
0.664072573184967
0.6448593735694885
0.6524271965026855
0.6269617080688477
0.6581250429153442
0.6823979616165161
0.6464269757270813
0.6541821956634521
0.6475198864936829
0.6469839215278625
0.6578763127326965
0.6260437965393066
0.6139118075370789
0.6500357389450073
0.6541917324066162
0.6194028854370117
0.6654379963874817
0.6269016861915588
0.6679540872573853
0.6767229437828064
0.6105296015739441
0.6811843514442444
0.6579398512840271
0.6361595988273621
0.6480815410614014
0.6728553175926208
0.6591964960098267
0.6235251426696777
0.6537815928459167
0.6444781422615051
0.6508117318153381
0.6486707329750061
0.6439396142959595
0.6303488612174988
0.6326806545257568
0.6277174949645996
0.6493870615959167
0.644638180732727
0.662404477596283
0.647558867931366
0.6419290900230408
0.6481707096099854
0.6467070579528809
0.6450035572052002
0.647243320941925
0.6544767022132874
0.6553511619567871
0.6365524530410767
0.6603083610534668
0.6703236699104309
0.6338894367218018
0.6162583231925964
0.6360339522361755
0.6294640898704529
0.6677765846252441
0.6524829268455505
0.6427381634712219
0.6086449027061462
0.6563593149185181
0.6578081250190735
0.6323100328445435
0.6579981446266174
0.6519594192504883
0.6674901843070984
0.6168144941329956
0.6564400792121887
0.6230034232139587
0.6502143740653992
0.6759914755821228
0.6872274279594421
0.635407567024231
0.6491815447807312
0.6216554641723633
0.6362780928611755
0.6672977805137634
0.6470980644226074
0.6137372851371765
0.6333209872245789
0.6463750004768372
0.6418696641921997
0.6458029747009277
0.6464639902114868
0.673340916633606
0.6077511310577393
0.6534226536750793
0.6382808089256287
0.6448092460632324
0.6195949912071228
0.6490673422813416
0.6770938634872437
0.6400989294052124
0.6470674872398376
0.6403145790100098
0.6394383907318115
0.6496294736862183
0.6183362007141113
0.6055159568786621
0.643344521522522
0.6458821892738342
0.6124635934829712
0.6587669253349304
0.6206464767456055
0.6570618152618408
0.6697157621383667
0.6025183200836182
0.6750752329826355
0.6514425873756409
0.6286625862121582
0.6406034231185913
0.6654998660087585
0.6528730392456055
0.6136648058891296
0.6471689939498901
0.6364413499832153
0.6435091495513916
0.6406047940254211
0.6363837122917175
0.6229666471481323
0.62516188621521
0.6214508414268494
0.6422938108444214
0.6349819302558899
0.6559745073318481
0.6395851969718933
0.6359657645225525
0.6430032849311829
0.6394972205162048
0.6370476484298706
0.6375349164009094
0.6465185880661011
0.6479925513267517
0.6276528239250183
0.6512539386749268
0.6650531888008118
0.6267252564430237
0.6079726219177246
0.6288707852363586
0.6211971044540405
0.6599843502044678
0.6474091410636902
0.6351884603500366
0.5984041690826416
0.646740734577179
0.6500464677810669
0.6242960691452026
0.6486616730690002
0.6434557437896729
0.6578184366226196
0.6082040071487427
0.6477178335189819
0.6142290830612183
0.643126368522644
0.665958821773529
0.6789237856864929
0.6280794739723206
0.6424868106842041
0.6134522557258606
0.625967264175415
0.6605920195579529
0.6404651403427124
0.6040363907814026
0.6255648136138916
0.6382637023925781
0.6350917220115662
0.6370721459388733
0.6392530798912048
0.6637243628501892
0.6007688641548157
0.642460286617279
0.6316004395484924
0.6370149850845337
0.6120630502700806
0.6397410035133362
0.6717422604560852
0.6336172819137573
0.6397886276245117
0.6329793334007263
0.6317085027694702
0.6411256790161133
0.6104198694229126
0.5969607830047607
0.6365287899971008
0.6373528242111206
0.6054456233978271
0.651965856552124
0.6142942905426025
0.6459022760391235
0.6625091433525085
0.5944300889968872
0.6688587069511414
0.6448516845703125
0.6209865808486938
0.6329525113105774
0.6579729914665222
0.6464393734931946
0.6036180257797241
0.6404871344566345
0.62822026014328
0.636052668094635
0.6324299573898315
0.6287264823913574
0.6154699325561523
0.6175575852394104
0.6151086091995239
0.6350423097610474
0.625108540058136
0.6494335532188416
0.6314937472343445
0.6299057602882385
0.6378365755081177
0.6321691870689392
0.628963828086853
0.627569317817688
0.6384433507919312
0.6405172944068909
0.6185446381568909
0.6420474648475647
0.6597286462783813
0.6194614171981812
0.5996053218841553
0.6216554641723633
0.6127892732620239
0.652117908000946
0.6423196792602539
0.6275432109832764
0.5880099534988403
0.6369454860687256
0.642118513584137
0.6161855459213257
0.6391993761062622
0.634899377822876
0.6479696035385132
0.5995107293128967
0.638813316822052
0.6053909063339233
0.6359018683433533
0.655811607837677
0.6704617142677307
0.6206749081611633
0.6357793807983398
0.6051544547080994
0.615474283695221
0.6538272500038147
0.6338964700698853
0.5941822528839111
0.6177418828010559
0.6300656199455261
0.6281836628913879
0.6282151341438293
0.6320177316665649
0.6540648937225342
0.5938028693199158
0.6313295364379883
0.6249057650566101
0.6291539072990417
0.6044665575027466
0.630277156829834
0.666433572769165
0.6270782351493835
0.6324508190155029
0.6256245970726013
0.6238895058631897
0.6324812769889832
0.6023958325386047
0.5883564352989197
0.6296891570091248
0.6287255883216858
0.5984538197517395
0.6451277136802673
0.6079368591308594
0.6346312761306763
0.6552039980888367
0.5863885283470154
0.6626284122467041
0.638262152671814
0.6132344603538513
0.6252321600914001
0.6503734588623047
0.6399787664413452
0.5935239791870117
0.6338308453559875
0.6199306845664978
0.6285393238067627
0.6242655515670776
0.6210673451423645
0.6079674363136292
0.6099735498428345
0.6087803840637207
0.6277333498001099
0.6151430606842041
0.6428666710853577
0.6233949065208435
0.6238305568695068
0.632745087146759
0.6248236298561096
0.6208576560020447
0.6174827218055725
0.6303662657737732
0.6330281496047974
0.6093465089797974
0.6328185200691223
0.6544361710548401
0.6122011542320251
0.591268002986908
0.6144893169403076
0.604350745677948
0.6442859768867493
0.6372913122177124
0.619893491268158
0.5776007175445557
0.6270965337753296
0.6341326236724854
0.6080811023712158
0.6297382712364197
0.6264060735702515
0.6380782127380371
0.5908527970314026
0.6298450827598572
0.5966059565544128
0.628631591796875
0.6456933617591858
0.661944568157196
0.6132932305335999
0.629158079624176
0.5968644022941589
0.6049309372901917
0.6470927000045776
0.6274887323379517
0.5843008756637573
0.609957754611969
0.6218886971473694
0.6212219595909119
0.6193413734436035
0.6248552799224854
0.644498348236084
0.5869480967521667
0.6201661825180054
0.6182825565338135
0.6213289499282837
0.5968995094299316
0.6207967400550842
0.6612472534179688
0.6205691695213318
0.625148594379425
0.6183490753173828
0.616071879863739
0.6238019466400146
0.5943590402603149
0.5798075199127197
0.6229164004325867
0.620111882686615
0.5915825366973877
0.6383386850357056
0.601658046245575
0.6233924031257629
0.6478897333145142
0.5785058736801147
0.6564663052558899
0.6317591071128845
0.6054986715316772
0.6175376772880554
0.6427919268608093
0.6335659623146057
0.583508312702179
0.6272847652435303
0.6116759777069092
0.6210578680038452
0.6162192225456238
0.6134979128837585
0.6005569100379944
0.6025082468986511
0.6025460958480835
0.6204562783241272
0.6052014827728271
0.6363515853881836
0.615388035774231
0.6178109645843506
0.6277964115142822
0.6175499558448792
0.6128227710723877
0.6073991060256958
0.6223904490470886
0.6256163716316223
0.6001647114753723
0.6236817240715027
0.6492493152618408
0.6050346493721008
0.5830596685409546
0.6074621081352234
0.595982015132904
0.63658607006073
0.6323890686035156
0.6123261451721191
0.5673006176948547
0.6173045039176941
0.6261842846870422
0.6000767350196838
0.6203899383544922
0.618080198764801
0.6282649636268616
0.5823339223861694
0.6209192276000977
0.5879767537117004
0.621397078037262
0.6357283592224121
0.6534653306007385
0.6060217022895813
0.6227072477340698
0.5886727571487427
0.5944569706916809
0.6404651999473572
0.621324896812439
0.5745059251785278
0.6023041009902954
0.6138297319412231
0.6142790913581848
0.6105506420135498
0.6178475022315979
0.6351457834243774
0.5802887082099915
0.6090900301933289
0.6118060350418091
0.6136296987533569
0.5894441604614258
0.6114057302474976
0.6562487483024597
0.6141650080680847
0.617962658405304
0.6112380027770996
0.6083338260650635
0.615180492401123
0.5863946676254272
0.5714040398597717
0.6162893176078796
0.6116097569465637
0.5849106907844543
0.6316729187965393
0.5955294966697693
0.6123086214065552
0.6406432390213013
0.5708775520324707
0.6504418849945068
0.6254148483276367
0.5978604555130005
0.6099525094032288
0.6353077292442322
0.6272651553153992
0.5736786127090454
0.6209186911582947
0.603544294834137
0.6136854290962219
0.6083827018737793
0.6060975790023804
0.5933214426040649
0.5952460169792175
0.5964727401733398
0.6132888793945312
0.5953871607780457
0.6299535036087036
0.6075567007064819
0.6119064688682556
0.6230476498603821
0.6104236245155334
0.6049375534057617
0.5974251627922058
0.6146025657653809
0.6183597445487976
0.5910905599594116
0.6147353649139404
0.6442282795906067
0.5980371236801147
0.5750656723976135
0.6006472706794739
0.5877712368965149
0.6291002631187439
0.6276662349700928
0.6049164533615112
0.5572171807289124
0.6076638102531433
0.6183549165725708
0.5922504663467407
0.6112493276596069
0.6100092530250549
0.6186328530311584
0.5740433931350708
0.6121260523796082
0.5795869827270508
0.61426842212677
0.6260207891464233
0.6451020836830139
0.5989343523979187
0.6164920330047607
0.5806574821472168
0.5841549038887024
0.6340091228485107
0.6154699921607971
0.5648967027664185
0.5948590636253357
0.6059689521789551
0.6074179410934448
0.6019321084022522
0.6110619902610779
0.6261100172996521
0.573894739151001
0.5982024073600769
0.6055395007133484
0.6061310768127441
0.5821690559387207
0.60219407081604
0.651490330696106
0.6079272031784058
0.6109591126441956
0.6043625473976135
0.600742757320404
0.6066955327987671
0.5785753726959229
0.5632219314575195
0.6098721027374268
0.6033018827438354
0.5785006284713745
0.6251909136772156
0.5896093845367432
0.6014828681945801
0.6335287690162659
0.5635815262794495
0.644609272480011
0.6192869544029236
0.5903858542442322
0.6025477051734924
0.6279863715171814
0.6211274266242981
0.5641230344772339
0.6147881746292114
0.5956085920333862
0.6064854860305786
0.6008293032646179
0.5989295840263367
0.5863291025161743
0.5882564187049866
0.5906118154525757
0.6062943935394287
0.5857877135276794
0.6237252950668335
0.5999683141708374
0.6061638593673706
0.6185430884361267
0.6035049557685852
0.5972650051116943
0.5876508355140686
0.6070724129676819
0.6113207340240479
0.582199215888977
0.606058657169342
0.6394193768501282
0.591267466545105
0.5673528909683228
0.5941035151481628
0.5797922611236572
0.6218955516815186
0.6231637597084045
0.5977283716201782
0.54743891954422
0.5982522964477539
0.6107098460197449
0.584665834903717
0.6023919582366943
0.6022645235061646
0.6092684268951416
0.5660521388053894
0.6035407781600952
0.5715010762214661
0.607303261756897
0.6166529059410095
0.6369208693504333
0.5920893549919128
0.610560953617096
0.5728800296783447
0.5741098523139954
0.627774715423584
0.6099728941917419
0.5555554628372192
0.5876849293708801
0.5983719825744629
0.6006933450698853
0.5935602188110352
0.6045472621917725
0.6174749732017517
0.5678216218948364
0.5875856280326843
0.599533200263977
0.5988925695419312
0.5751286745071411
0.593234658241272
0.6470080018043518
0.6019048690795898
0.6041880249977112
0.5977762341499329
0.5933510065078735
0.5984106659889221
0.5709607005119324
0.5553203225135803
0.6037144064903259
0.5952548980712891
0.5723980069160461
0.6189411878585815
0.5839428305625916
0.5909960269927979
0.626596212387085
0.5566774606704712
0.6390103697776794
0.613418698310852
0.5831264853477478
0.5953795909881592
0.6208803057670593
0.6151912808418274
0.5549098253250122
0.6089324951171875
0.5879251956939697
0.5995074510574341
0.5936153531074524
0.5920435786247253
0.5796322822570801
0.5815927386283875
0.5850017666816711
0.5995221138000488
0.5764743685722351
0.6177073121070862
0.5926744937896729
0.6006174683570862
0.6143145561218262
0.5968388319015503
0.5898510217666626
0.5781477093696594
0.5998518466949463
0.6045467257499695
0.573550283908844
0.5977122187614441
0.6348574161529541
0.5847687125205994
0.5599726438522339
0.5878727436065674
0.5721035599708557
0.6150216460227966
0.618909478187561
0.5908122062683105
0.5380344390869141
0.5891293287277222
0.6032995581626892
0.5773701071739197
0.5938751101493835
0.5948996543884277
0.6002394556999207
0.5584118962287903
0.5952219367027283
0.5637651681900024
0.60054612159729
0.607685387134552
0.6289708614349365
0.5855309963226318
0.6049464344978333
0.5653871297836304
0.5643892884254456
0.6217986345291138
0.6048651933670044
0.5465476512908936
0.5808274149894714
0.5910887122154236
0.594149112701416
0.5854948163032532
0.5983366966247559
0.6093041896820068
0.5621086955070496
0.5773020386695862
0.5938228964805603
0.5919587016105652
0.5683632493019104
0.5845825672149658
0.6428253650665283
0.5961329936981201
0.5976857542991638
0.5915172100067139
0.5861985087394714
0.5903739333152771
0.5635960698127747
0.5477413535118103
0.597851037979126
0.5875201225280762
0.5666324496269226
0.6129570007324219
0.5785614252090454
0.5809077620506287
0.6198834180831909
0.5502053499221802
0.6336727738380432
0.6078392863273621
0.5761203169822693
0.5884906649589539
0.614027738571167
0.609483540058136
0.5460872054100037
0.6033767461776733
0.5805367231369019
0.5927878618240356
0.5867795348167419
0.5854736566543579
0.5732685327529907
0.5752925276756287
0.5796666741371155
0.5930083394050598
0.5675016641616821
0.6119286417961121
0.5857110619544983
0.5952903628349304
0.6103823781013489
0.5904560685157776
0.5827264189720154
0.5689707398414612
0.5929762721061707
0.5980709195137024
0.5651881098747253
0.5897384881973267
0.6305639147758484
0.5785712003707886
0.5529595613479614
0.5819817781448364
0.5647498369216919
0.6085115671157837
0.6149208545684814
0.5842050313949585
0.5290551781654358
0.5803382992744446
0.5961599349975586
0.5703973770141602
0.585737943649292
0.5879507064819336
0.5915952324867249
0.5511600375175476
0.5872136354446411
0.5564079880714417
0.5940291285514832
0.599159300327301
0.6212893128395081
0.5792900323867798
0.5996655821800232
0.5582106113433838
0.5550429224967957
0.6161048412322998
0.6001631021499634
0.5379222631454468
0.5743185877799988
0.5841538310050964
0.5878200531005859
0.5777809619903564
0.5924493670463562
0.6016421318054199
0.5567823052406311
0.5673965215682983
0.5884323120117188
0.5853587985038757
0.56190025806427
0.5762778520584106
0.6389544010162354
0.5906351804733276
0.5914756655693054
0.5856101512908936
0.5793126821517944
0.5826215147972107
0.5565152168273926
0.5405132174491882
0.5923043489456177
0.5801336765289307
0.5612199902534485
0.6072604656219482
0.5734838247299194
0.5712587237358093
0.6134165525436401
0.5441898107528687
0.6286143660545349
0.6025659441947937
0.5693922638893127
0.5819107890129089
0.6074559688568115
0.6040202975273132
0.5376864671707153
0.5981339812278748
0.5734712481498718
0.5863497257232666
0.5803461074829102
0.5792400240898132
0.567261815071106
0.5693798661231995
0.57462078332901
0.5867776870727539
0.5589094758033752
0.6064073443412781
0.5791006684303284
0.5901955366134644
0.6067565083503723
0.5843753814697266
0.5759104490280151
0.5601598620414734
0.5864666104316711
0.5919138193130493
0.55714350938797
0.5821645855903625
0.6265502572059631
0.5726915001869202
0.5463337302207947
0.5764453411102295
0.5577614903450012
0.6023855209350586
0.6112041473388672
0.5779321193695068
0.5205358266830444
0.5719079971313477
0.5893149971961975
0.5637674927711487
0.5780045986175537
0.5814397931098938
0.583371639251709
0.5443183779716492
0.5795466303825378
0.5494440793991089
0.5877746939659119
0.5910983681678772
0.6139001846313477
0.5733852982521057
0.5947228074073792
0.5513703227043152
0.5461058616638184
0.6107065677642822
0.5958695411682129
0.5297132134437561
0.5681781768798828
0.5775888562202454
0.5817322134971619
0.5704513788223267
0.586891770362854
0.5945171117782593
0.5518553256988525
0.5578978657722473
0.5833743214607239
0.5791106224060059
0.5557566285133362
0.5683462619781494
0.6353955268859863
0.5854251384735107
0.5855698585510254
0.5800669193267822
0.5727113485336304
0.5751760005950928
0.5497400760650635
0.5336505770683289
0.5870848298072815
0.5731195211410522
0.5561642050743103
0.6018639802932739
0.5687202215194702
0.5620728135108948
0.6072113513946533
0.5386414527893066
0.6238417625427246
0.5976048111915588
0.562957227230072
0.5756587982177734
0.6011809706687927
0.5988085865974426
0.5297238826751709
0.5932056903839111
0.5667457580566406
0.5802078247070312
0.5743260383605957
0.5733526945114136
0.5616248846054077
0.5638660788536072
0.5698676705360413
0.5808443427085876
0.5507240891456604
0.6011534929275513
0.5728540420532227
0.5853381156921387
0.603438138961792
0.5786045789718628
0.5694094300270081
0.5517410039901733
0.5803309679031372
0.586084246635437
0.5494361519813538
0.5750024318695068
0.6228203177452087
0.5671371221542358
0.5401025414466858
0.5712670087814331
0.55115807056427
0.5966504812240601
0.6077589392662048
0.5720077753067017
0.5124962329864502
0.5638540983200073
0.5827774405479431
0.5574910044670105
0.5706851482391357
0.5753760933876038
0.5755900144577026
0.537896454334259
0.5722395777702332
0.5428754091262817
0.5817952752113342
0.5835121870040894
0.6068171262741089
0.5678251385688782
0.590113639831543
0.5448749661445618
0.5375994443893433
0.6056084632873535
0.5919769406318665
0.5219414830207825
0.5624142289161682
0.5714051127433777
0.5759019255638123
0.5635253190994263
0.5816608667373657
0.5879415273666382
