0.46001727704653433
0.46705735921870595
0.47011080382976
0.4743861579953512
0.47521507863089735
0.47310966554780304
0.47980692482442344
0.47626525326026736
0.47420288307333647
0.4718139901138415
0.4702555220705328
0.4703948955355358
0.4776817793362568
0.48384277711266366
0.49000252844500636
0.49284520762229805
0.5012432300530187
0.5079288541951422
0.5095006332914503
0.5226286060838923
0.5307323655750438
0.5550548413267529
0.5671320459290188
0.5769367510447052
0.5903541395180852
0.604638804169646
0.6155814404499285
0.6207120399571749
0.6228578152294924
0.6297397411843941
0.638129879719247
0.639982032969501
0.6453412621521397
0.6560148587844715
0.6573711398644192
0.6625361229915616
0.6665302770227403
0.6689139332296405
0.6728228665578064
0.6780649273216965
0.6855165028716548
0.6860125785428637
0.6880421029789303
0.6921436732029191
0.6914466035542268
0.69105047494878
0.693587496866481
0.6969596072818809
0.6996176223399563
0.702964658835755
0.7015571455731715
0.7016871769913555
0.7032248719553176
0.7065518918167923
0.7097469690446762
0.7115217391304349
0.713881822222916
0.7139975489020618
0.7132882726747545
0.7181107016523048
0.7219948000380907
0.7222077088498315
0.7222077088498315
0.7230252081459443
0.7255745363529793
0.7271033690195366
0.7263886009169027
0.7271033690195366
0.7263886009169027
0.7248600456147625
0.7242439470577299
0.7236256478234053
0.722194615834104
0.7237210190438067
0.7244368334858657
0.7236256478234053
0.7228138621552803
0.7228138621552803
0.7220987177008829
0.7236256478234053
0.7237210190438067
0.7229101677434051
0.7237210190438067
0.7230051321861387
0.7237210190438067
0.7230051321861387
0.7237210190438067
0.7237210190438067
0.7237210190438067
0.7238150541590966
0.7223823843154565
0.7216659301583215
0.7216659301583215
0.7209493932708219
0.7233716316675367
0.7233716316675367
0.7233716316675367
0.7250700600826545
0.7250700600826545
0.7250700600826545
